0.007893 0.012558 0.009730 0.012864 0.014367 0.016947 0.020753 0.021237 0.024305 0.026647 
0.004874 0.004125 0.001735 0.003286 0.003164 0.002745 0.004657 0.002624 0.003009 0.005880 
0.004642 0.011365 0.010216 0.012729 0.015197 0.018125 0.020055 0.021008 0.028457 0.028068 
0.000932 0.004508 0.003162 0.003468 0.002700 0.004344 0.003570 0.002405 0.009491 0.005154 
0.004630 0.010960 0.010725 0.014134 0.017790 0.018698 0.020224 0.023006 0.025890 0.026536 
0.000608 0.004322 0.002576 0.004116 0.006058 0.004295 0.005164 0.004066 0.004228 0.001680 
0.004624 0.011470 0.009463 0.011774 0.013177 0.018643 0.019524 0.022312 0.026409 0.026917 
0.000694 0.004529 0.001699 0.002737 0.001135 0.005390 0.003293 0.004868 0.007361 0.004583 
0.004668 0.012179 0.009645 0.012004 0.013654 0.016156 0.020623 0.020983 0.022964 0.025515 
0.000839 0.004661 0.002036 0.002893 0.002636 0.002531 0.005320 0.002413 0.002907 0.001966 
0.004854 0.012042 0.009464 0.012566 0.014814 0.016456 0.019040 0.021979 0.023960 0.025247 
0.001707 0.004293 0.001749 0.002650 0.003089 0.001697 0.002959 0.004312 0.003400 0.001973 
