0.007693 0.012123 0.009693 0.012355 0.013994 0.016172 0.019723 0.020333 0.023310 0.025325 
0.004376 0.004332 0.002242 0.003757 0.002169 0.002329 0.004329 0.001763 0.003463 0.005083 
0.004661 0.011167 0.009734 0.012187 0.014573 0.017251 0.019310 0.019840 0.026425 0.026915 
0.001186 0.004675 0.003458 0.002934 0.002167 0.003885 0.002811 0.001218 0.007870 0.004593 
0.004686 0.010732 0.010271 0.013338 0.016766 0.017704 0.019827 0.022513 0.025012 0.025731 
0.001091 0.003996 0.002667 0.003405 0.005050 0.003446 0.003875 0.003937 0.004025 0.001521 
0.004634 0.011568 0.009635 0.011817 0.013224 0.018632 0.019666 0.022370 0.026477 0.026917 
0.000876 0.004329 0.002014 0.002882 0.001056 0.005414 0.004042 0.004786 0.007518 0.004522 
0.004713 0.012193 0.009668 0.011855 0.013538 0.016034 0.020373 0.020825 0.023061 0.025583 
0.001303 0.004197 0.002305 0.002281 0.002191 0.002854 0.004230 0.002726 0.002857 0.002344 
0.004838 0.012055 0.009477 0.012525 0.014790 0.016506 0.019132 0.021991 0.024034 0.025331 
0.001755 0.004298 0.001692 0.002381 0.002639 0.001929 0.002488 0.004251 0.003545 0.001831 
