0.010234 0.009774 0.012955 0.016490 0.020714 0.024299 0.028116 0.032592 0.038470 0.041948 
0.004437 0.003508 0.002530 0.003590 0.004839 0.006431 0.009979 0.006218 0.004815 0.007782 
0.010388 0.009762 0.014692 0.021771 0.019817 0.025318 0.026656 0.033533 0.038914 0.040354 
0.007400 0.002792 0.004411 0.008595 0.003973 0.007500 0.005639 0.009669 0.008971 0.005193 
0.010943 0.010035 0.013367 0.017799 0.022200 0.033446 0.029997 0.035632 0.038622 0.042699 
0.004787 0.002348 0.003199 0.004556 0.004790 0.012108 0.010387 0.005345 0.004651 0.009752 
0.010296 0.010892 0.012269 0.015818 0.020601 0.022478 0.027642 0.035284 0.038174 0.044084 
0.004837 0.003702 0.001683 0.005139 0.006093 0.004540 0.008132 0.008172 0.006105 0.009138 
0.010007 0.010217 0.012925 0.016810 0.020634 0.023396 0.027197 0.030009 0.035258 0.041533 
0.004633 0.002443 0.004239 0.004635 0.005681 0.006301 0.005514 0.005669 0.003351 0.004976 
0.010241 0.009671 0.012433 0.016485 0.018935 0.022166 0.026199 0.035162 0.037423 0.039911 
0.004775 0.002577 0.002940 0.003054 0.002396 0.002377 0.003721 0.006157 0.003885 0.003043 
