0.006816 0.011281 0.012535 0.014062 0.017390 0.020460 0.023858 0.025494 0.029489 0.036412 
0.002913 0.004233 0.003837 0.002410 0.004314 0.004647 0.006180 0.004066 0.005019 0.005799 
0.006177 0.012077 0.011361 0.015835 0.017743 0.021603 0.023952 0.023964 0.029302 0.037686 
0.004211 0.005075 0.002863 0.005006 0.003416 0.006273 0.007136 0.001930 0.006343 0.006210 
0.005756 0.010691 0.011666 0.015727 0.017687 0.020413 0.022292 0.027035 0.031362 0.035220 
0.002689 0.003583 0.003344 0.004052 0.003652 0.003651 0.002445 0.003932 0.005479 0.004411 
0.006971 0.012073 0.011169 0.013657 0.017241 0.022812 0.023223 0.026732 0.033891 0.037778 
0.003887 0.004209 0.002518 0.003042 0.004524 0.006226 0.004930 0.006293 0.007988 0.006745 
0.004949 0.012618 0.011291 0.014670 0.016507 0.019135 0.023074 0.025545 0.028261 0.035452 
0.002675 0.006742 0.002510 0.003494 0.003157 0.002589 0.004299 0.004980 0.004859 0.004411 
0.005646 0.010861 0.011029 0.014777 0.017870 0.019510 0.022578 0.025954 0.028345 0.036055 
0.002991 0.004179 0.002523 0.003346 0.003519 0.002637 0.003033 0.004409 0.003497 0.003855 
