0.006421 0.011509 0.012880 0.014518 0.017562 0.021705 0.025574 0.026384 0.032425 0.037831 
0.003096 0.004035 0.002821 0.002428 0.003882 0.005479 0.006260 0.004320 0.005951 0.006656 
0.005900 0.012463 0.011980 0.017027 0.019305 0.022888 0.025587 0.025032 0.031604 0.039522 
0.004292 0.004550 0.003212 0.005670 0.004138 0.007276 0.007096 0.002275 0.006186 0.007183 
0.005753 0.011095 0.012145 0.016581 0.018274 0.021425 0.022874 0.027651 0.034745 0.035495 
0.002742 0.003537 0.002502 0.003563 0.003535 0.004245 0.002655 0.004761 0.005026 0.004264 
0.006939 0.012133 0.011164 0.013647 0.017160 0.022865 0.023243 0.027004 0.034071 0.037576 
0.004111 0.004297 0.002600 0.003820 0.004290 0.006618 0.004786 0.007816 0.008458 0.006578 
0.004751 0.012600 0.011304 0.014833 0.016548 0.019261 0.022763 0.025701 0.028479 0.035417 
0.001119 0.005895 0.002118 0.004832 0.003522 0.002949 0.002932 0.005117 0.005336 0.004510 
0.005626 0.010756 0.010906 0.014838 0.017982 0.019347 0.022528 0.025831 0.028184 0.036013 
0.002947 0.004036 0.001566 0.003232 0.004144 0.003096 0.002803 0.004024 0.003572 0.003944 
