0.010853 0.010084 0.013658 0.016963 0.022232 0.025462 0.029463 0.035866 0.040733 0.043344 
0.004450 0.002909 0.003225 0.004143 0.006345 0.006242 0.009894 0.006006 0.006023 0.008258 
0.011212 0.010138 0.015270 0.022479 0.020236 0.026976 0.028138 0.038519 0.040801 0.041321 
0.007163 0.003592 0.004872 0.007920 0.003918 0.007834 0.006096 0.009640 0.010401 0.005321 
0.011100 0.010666 0.014217 0.018055 0.021886 0.036118 0.031829 0.036161 0.039625 0.044619 
0.004272 0.002945 0.002793 0.004379 0.004804 0.014518 0.012860 0.005320 0.005365 0.010926 
0.009966 0.010866 0.012356 0.015630 0.020597 0.022261 0.027149 0.035222 0.038032 0.043915 
0.004734 0.003629 0.002773 0.004195 0.006991 0.003552 0.006370 0.008245 0.005568 0.008492 
0.010146 0.010100 0.012904 0.016679 0.020543 0.023340 0.027034 0.030163 0.035284 0.041708 
0.004567 0.002522 0.003662 0.004761 0.005264 0.005550 0.005044 0.005698 0.003337 0.005460 
0.010454 0.009510 0.012430 0.016598 0.018968 0.022107 0.026078 0.034894 0.037524 0.039888 
0.004817 0.002118 0.003609 0.003564 0.002353 0.002656 0.003420 0.005284 0.003928 0.003454 
