0.002337 0.004567 0.004646 0.004985 0.007173 0.006973 0.007558 0.008567 0.008987 0.009934 
0.000782 0.000607 0.000761 0.001150 0.003132 0.002188 0.001295 0.002219 0.002651 0.001421 
0.002395 0.004687 0.004629 0.006195 0.006688 0.007513 0.007576 0.008523 0.010000 0.010863 
0.000725 0.001111 0.001010 0.002804 0.001466 0.001190 0.000792 0.001273 0.000993 0.001085 
0.002901 0.004640 0.004737 0.006182 0.006998 0.007167 0.008121 0.009624 0.009913 0.011398 
0.001044 0.001035 0.000972 0.002633 0.001254 0.001266 0.000977 0.001198 0.001065 0.001311 
0.002404 0.004618 0.004678 0.004950 0.006756 0.007701 0.008429 0.009609 0.009973 0.010867 
0.000718 0.000823 0.000794 0.000595 0.001409 0.001385 0.001034 0.001634 0.001038 0.001689 
0.002521 0.004579 0.004739 0.004982 0.005812 0.007363 0.008414 0.008729 0.010296 0.011207 
0.001328 0.000772 0.001123 0.001360 0.001323 0.000857 0.001141 0.001278 0.001050 0.001260 
0.002716 0.004580 0.004807 0.007376 0.006750 0.007597 0.008386 0.009239 0.010034 0.010812 
0.001034 0.000801 0.001025 0.003383 0.001023 0.000817 0.001029 0.000910 0.001063 0.000749 
