0.002328 0.004577 0.004615 0.004896 0.006085 0.006921 0.007611 0.008491 0.008872 0.009929 
0.000720 0.000622 0.000791 0.001125 0.001208 0.001362 0.001455 0.002050 0.001816 0.001591 
0.002325 0.004585 0.004659 0.005428 0.006579 0.007531 0.007704 0.008785 0.010286 0.011137 
0.000610 0.000938 0.000878 0.001289 0.001178 0.001170 0.000794 0.001636 0.001534 0.001797 
0.002415 0.004616 0.004831 0.005763 0.007057 0.007306 0.008345 0.009819 0.010143 0.011599 
0.000681 0.000653 0.000908 0.000984 0.000880 0.001358 0.001227 0.000993 0.001259 0.001325 
0.002343 0.004610 0.004679 0.004937 0.006658 0.007657 0.008439 0.009653 0.010085 0.010859 
0.000618 0.000864 0.000564 0.000581 0.000994 0.001509 0.001546 0.002195 0.002001 0.001876 
0.002430 0.004598 0.004691 0.004959 0.005832 0.007399 0.008433 0.008660 0.010371 0.011217 
0.001199 0.000699 0.000767 0.000797 0.002030 0.001293 0.001134 0.000649 0.001259 0.001362 
0.002509 0.004594 0.004740 0.005895 0.006582 0.007550 0.008350 0.009327 0.010046 0.010805 
0.000976 0.000616 0.000855 0.000995 0.000998 0.000849 0.001006 0.001304 0.000771 0.000897 
