0.020729 0.039926 0.059348 0.072588 0.085082 0.103275 0.114240 0.134145 0.150773 0.164593 
0.005922 0.007149 0.015739 0.009111 0.009865 0.015501 0.007070 0.021100 0.010972 0.007971 
0.021460 0.039875 0.054200 0.072422 0.088570 0.101769 0.119206 0.132845 0.149226 0.165693 
0.006674 0.005920 0.006687 0.011287 0.012966 0.011039 0.012581 0.011369 0.014793 0.017151 
0.020253 0.040473 0.054548 0.072904 0.086804 0.106339 0.120877 0.135346 0.149822 0.163790 
0.004121 0.005934 0.006033 0.010465 0.009624 0.026365 0.015760 0.007310 0.010210 0.010805 
0.019730 0.040538 0.054167 0.068817 0.089369 0.103017 0.118034 0.132185 0.151202 0.168851 
0.004557 0.006541 0.007283 0.004043 0.013450 0.008910 0.007298 0.005409 0.013817 0.016389 
0.021783 0.041140 0.054931 0.070619 0.083723 0.100930 0.122912 0.131813 0.149037 0.165698 
0.008545 0.006567 0.007703 0.008991 0.003732 0.007007 0.023899 0.008203 0.004820 0.011134 
0.019923 0.040784 0.054231 0.070491 0.084030 0.102022 0.117675 0.134141 0.149211 0.165770 
0.004657 0.004599 0.005132 0.006515 0.003517 0.007478 0.007849 0.007216 0.005086 0.005834 
