0.021006 0.040045 0.059768 0.072964 0.085385 0.103631 0.115079 0.134598 0.150992 0.163637 
0.005643 0.007301 0.018616 0.010454 0.009933 0.015495 0.007996 0.020766 0.009708 0.012822 
0.021674 0.040092 0.054364 0.072547 0.089238 0.102042 0.119035 0.133314 0.149599 0.167720 
0.007674 0.006069 0.006040 0.009809 0.013767 0.011088 0.013249 0.012357 0.017921 0.019375 
0.020321 0.040742 0.054950 0.073179 0.086089 0.105857 0.120622 0.134884 0.150904 0.165586 
0.003538 0.007486 0.006328 0.009272 0.008081 0.020049 0.015356 0.007435 0.009533 0.011892 
0.019717 0.040112 0.054433 0.069219 0.089846 0.103077 0.118230 0.132418 0.151453 0.167930 
0.003337 0.005630 0.007953 0.005026 0.014912 0.007997 0.007443 0.006341 0.013576 0.014772 
0.021554 0.041353 0.055565 0.071259 0.084622 0.101859 0.123504 0.132218 0.148603 0.165815 
0.007763 0.007951 0.007911 0.007709 0.003766 0.006962 0.024417 0.008022 0.003780 0.010623 
0.020091 0.040535 0.054285 0.070943 0.083887 0.101666 0.116990 0.131669 0.146542 0.165272 
0.005159 0.004685 0.007609 0.007216 0.003693 0.008133 0.010269 0.006823 0.003779 0.007198 
